21,113
21,112
21,909
21,1157
21,111
21,1091
21,826
21,929
21,995
21,1156
21,110
21,109
21,108
21,928
21,107
21,994
21,1155
21,106
21,825
21,1090
21,105
21,927
21,1154
21,104
21,926
21,993
21,103
21,1153
17,86
21,102
21,992
16,17
16,16
16,15
16,14
16,13
16,12
16,11
16,10
17,5
17,4
21,832
21,1152
21,1089
21,1088
21,991
21,990
21,989
21,988
21,987
21,986
21,985
21,984
21,983
21,982
21,981
21,925
21,924
21,923
21,922
21,921
21,920
21,919
21,918
21,908
21,895
21,894
21,893
21,892
21,891
21,890
21,889
21,888
21,824
21,823
21,822
21,821
21,820
21,819
21,818
21,817
21,639
21,638
21,637
21,588
21,251
21,99
21,98
21,97
21,96
21,95
21,94
21,93
21,92
21,91
21,90
21,89
21,88
21,87
21,86
21,85
21,84
21,83
21,82
21,81
21,80
21,79
21,78
21,77
21,76
21,75
21,74
21,73
21,72
21,71
21,18
21,8
21,7
21,6
21,5
21,4
21,3
21,2
21,1
21,0
20,6
20,5
20,3
20,2
20,1
20,0
19,7
19,6
19,5
19,4
19,3
19,2
19,1
19,0
17,85
17,84
17,83
17,82
17,81
17,80
17,79
17,78
17,77
17,76
17,75
17,24
17,15
17,9
17,8
17,7
17,6
17,3
17,2
17,1
17,0
16,26
16,24
16,9
16,8
16,7
16,6
16,5
16,4
16,3
16,2
16,1
16,0
15,3
15,2
15,1
15,0
14,3
14,2
14,1
14,0
13,4
13,3
13,2
13,1
13,0
12,4
12,3
12,2
12,1
12,0
11,4
11,3
11,2
11,1
11,0
10,6
10,5
10,4
10,3
10,2
10,1
10,0
9,4
9,3
9,2
9,1
9,0
8,9
8,5
8,4
8,3
8,2
8,1
8,0
7,3
5,3
5,2
5,0
4,3
3,2
2,2
1,2
0,9
1,45
3,44
2,44
1,44
3,43
2,43
1,43
3,42
2,42
1,42
3,41
2,41
1,41
3,40
2,40
1,40
3,39
2,39
1,39
3,38
2,38
1,38
3,37
2,37
1,37
3,36
2,36
1,36
3,35
2,35
1,35
3,34
2,34
1,34
3,33
2,33
1,33
3,32
2,32
1,32
3,31
2,31
1,31
3,30
2,30
1,30
3,29
2,29
1,29
3,28
2,28
1,28
3,27
2,27
1,27
3,26
2,26
1,26
3,25
2,25
1,25
3,24
2,24
1,24
3,23
2,23
1,23
3,22
2,22
1,22
3,21
2,21
1,21
3,20
2,20
1,20
3,19
2,19
1,19
3,18
2,18
1,18
3,17
2,17
1,17
3,16
2,16
1,16
3,15
2,15
1,15
3,14
2,14
1,14
3,13
2,13
1,13
3,12
2,12
1,12
3,11
2,11
1,11
3,10
2,10
1,10
3,9
2,9
1,9
3,8
2,8
1,8
3,7
2,7
1,7
3,6
2,6
1,6
3,5
2,5
1,5
3,4
2,4
1,4
3,3
3,0
2,3
2,0
1,3
1,0
0,6
0,0
0,47
0,46
0,49
0,48
0,45
0,12
0,10
0,8
0,11
0,5
0,7
0,4
0,3
